epoch:0 0.0446  0.1427  0.0136  0.0000  0.0052  0.0600  0.0873  0.1340  0.1344  0.0003  0.0102  0.1825  0.8001  0.005000
epoch:1 0.0630  0.1961  0.0191  0.0002  0.0177  0.0897  0.1215  0.2240  0.2300  0.0032  0.0775  0.2938  0.6576  0.005000
epoch:2 0.0836  0.2488  0.0304  0.0001  0.0181  0.1125  0.1306  0.1958  0.2000  0.0027  0.0636  0.2540  0.6268  0.005000
epoch:3 0.0935  0.2765  0.0332  0.0003  0.0313  0.1242  0.1397  0.2063  0.2094  0.0056  0.0848  0.2635  0.6066  0.005000
epoch:4 0.1126  0.3166  0.0442  0.0003  0.0402  0.1467  0.1594  0.2313  0.2334  0.0033  0.0973  0.2943  0.5914  0.005000
epoch:5 0.1809  0.4421  0.1042  0.0111  0.0930  0.2245  0.2346  0.3276  0.3336  0.0356  0.1979  0.3951  0.5097  0.005000
epoch:6 0.2046  0.4818  0.1259  0.0257  0.1203  0.2482  0.2483  0.3498  0.3542  0.0542  0.2339  0.4140  0.4607  0.005000
epoch:7 0.2226  0.4990  0.1580  0.0259  0.1252  0.2714  0.2743  0.3742  0.3796  0.0807  0.2378  0.4417  0.4384  0.005000
epoch:8 0.3032  0.6021  0.2684  0.0442  0.1866  0.3586  0.3249  0.4428  0.4477  0.0891  0.3099  0.5167  0.3924  0.001650
epoch:9 0.3138  0.6172  0.2778  0.0499  0.1996  0.3688  0.3266  0.4473  0.4538  0.1036  0.3192  0.5177  0.3768  0.001650
epoch:10 0.3036  0.6115  0.2635  0.0491  0.1866  0.3604  0.3227  0.4375  0.4436  0.1099  0.3006  0.5106  0.3646  0.001650
epoch:11 0.3357  0.6388  0.3208  0.0536  0.2142  0.3942  0.3446  0.4688  0.4756  0.1172  0.3407  0.5423  0.3437  0.000545
epoch:12 0.3350  0.6360  0.3191  0.0667  0.2117  0.3939  0.3442  0.4609  0.4651  0.1122  0.3178  0.5360  0.3344  0.000545
epoch:13 0.3313  0.6403  0.3069  0.0617  0.2071  0.3929  0.3391  0.4620  0.4679  0.1204  0.3352  0.5346  0.3305  0.000545
epoch:14 0.3466  0.6522  0.3332  0.0714  0.2211  0.4071  0.3476  0.4708  0.4758  0.1357  0.3410  0.5431  0.3189  0.000180
epoch:15 0.3446  0.6492  0.3316  0.0558  0.2210  0.4048  0.3493  0.4717  0.4771  0.1234  0.3421  0.5450  0.3170  0.000180
epoch:16 0.3466  0.6486  0.3319  0.0620  0.2211  0.4067  0.3507  0.4675  0.4723  0.1242  0.3335  0.5396  0.3139  0.000180
epoch:17 0.3489  0.6523  0.3369  0.0650  0.2215  0.4095  0.3502  0.4738  0.4789  0.1282  0.3418  0.5459  0.3111  0.000059
epoch:18 0.3483  0.6522  0.3320  0.0626  0.2183  0.4100  0.3498  0.4745  0.4793  0.1256  0.3371  0.5473  0.3090  0.000059
epoch:19 0.3429  0.6483  0.3259  0.0596  0.2203  0.4030  0.3486  0.4673  0.4727  0.1188  0.3346  0.5390  0.3081  0.000059
epoch:20 0.3461  0.6496  0.3302  0.0652  0.2205  0.4062  0.3502  0.4705  0.4753  0.1293  0.3398  0.5429  0.3076  0.000020
epoch:21 0.3508  0.6560  0.3375  0.0704  0.2225  0.4126  0.3514  0.4749  0.4795  0.1293  0.3413  0.5484  0.3074  0.000020
epoch:22 0.3477  0.6505  0.3357  0.0618  0.2240  0.4075  0.3511  0.4734  0.4780  0.1125  0.3420  0.5463  0.3070  0.000020
epoch:23 0.3472  0.6553  0.3295  0.0669  0.2204  0.4083  0.3500  0.4714  0.4766  0.1359  0.3384  0.5440  0.3055  0.000006
epoch:24 0.3490  0.6530  0.3344  0.0634  0.2220  0.4098  0.3495  0.4731  0.4782  0.1268  0.3412  0.5449  0.3057  0.000006
